204 150 221 200
203 150 220 200
201 149 218 199
200 149 217 198
199 148 217 199
199 148 216 198
197 149 214 199
194 147 211 197
193 147 210 197
192 147 209 197
190 145 207 195
189 145 205 193
188 144 204 191
187 143 204 192
185 143 201 191
183 143 199 190
182 142 199 190
181 142 198 189
181 142 196 188
180 141 196 187
179 139 195 186
178 138 194 185
177 139 193 186
176 137 192 185
175 137 192 185
174 137 190 186
173 136 190 186
172 136 188 184
172 136 188 184
169 134 185 182
168 133 184 181
168 132 184 180
168 131 184 179
166 129 183 178
165 129 182 178
164 129 181 178
164 128 180 177
163 128 180 176
163 126 180 175
163 125 180 175
163 125 179 173
162 123 179 172
161 123 178 172
160 123 177 172
160 122 177 171
160 123 176 171
158 123 174 171
157 124 173 171
155 123 171 169
155 122 171 169
154 121 169 166
153 120 168 166
